
The default interactive shell is now zsh.
To update your account to use zsh, please run `chsh -s /bin/zsh`.
For more details, please visit https://support.apple.com/kb/HT208050.
bash-3.2$ python
Python 3.10.0 (default, Oct 26 2021, 15:46:51) [Clang 13.0.0 (clang-1300.0.29.3)] on darwin
Type "help", "copyright", "credits" or "license" for more information.
>>> resolve_hypercube_maxsat(9, symm=3)
Time = 112.164221
{(1, 0, 0, 0, 0, 1, 1, 0, 0), (1, 0, 1, 1, 0, 0, 0, 0, 0), (0, 0, 0, 1, 0, 1, 0, 1, 0), (0, 0, 1, 1, 1, 1, 0, 0, 0), (0, 0, 0, 0, 0, 0, 0, 0, 0), (1, 0, 0, 1, 1, 0, 0, 0, 0), (1, 1, 1, 0, 0, 0, 0, 0, 0)}
>>> resolve_hypercube_maxsat(9, symm=4)
Time = 74.06103800000074
{(1, 1, 0, 1, 1, 0, 0, 0, 0), (0, 0, 1, 0, 1, 0, 1, 1, 0), (0, 0, 0, 0, 0, 0, 0, 0, 0), (0, 0, 1, 1, 0, 0, 0, 1, 1), (1, 0, 0, 1, 1, 1, 0, 0, 0), (0, 1, 0, 1, 0, 0, 1, 1, 0), (1, 1, 1, 0, 0, 0, 0, 0, 0)}
>>> resolve_hypercube_maxsat(9, symm=4, solver='cd15')
Time = 26.4163180000005
{(1, 1, 1, 1, 0, 0, 0, 0, 0), (1, 1, 0, 1, 1, 0, 0, 0, 0), (0, 1, 1, 1, 0, 1, 0, 0, 0), (1, 0, 0, 0, 1, 1, 1, 0, 0), (0, 0, 0, 0, 0, 0, 0, 0, 0), (0, 1, 1, 0, 1, 0, 0, 0, 1), (0, 1, 1, 0, 1, 0, 0, 1, 0)}
>>> resolve_hypercube_maxsat(8, symm=4, solver='cd15')
Time = 0.8070590000002085
{(0, 1, 1, 0, 0, 1, 1, 0), (1, 1, 0, 0, 0, 0, 0, 0), (1, 0, 1, 1, 0, 1, 0, 0), (0, 0, 1, 1, 0, 0, 0, 0), (1, 0, 1, 0, 1, 0, 0, 0), (0, 0, 0, 0, 0, 0, 0, 0)}
>>> resolve_hypercube_maxsat(9, symm=3, solver='cd15')
Time = 32.336435000000165
{(0, 0, 0, 0, 1, 1, 1, 1, 0), (0, 0, 0, 0, 0, 0, 0, 0, 0), (0, 0, 0, 1, 1, 1, 0, 0, 0), (1, 0, 0, 0, 0, 1, 1, 0, 1), (1, 0, 0, 1, 0, 0, 1, 1, 0), (0, 0, 1, 0, 0, 1, 0, 1, 1), (1, 1, 1, 0, 0, 0, 0, 0, 0)}
>>> resolve_hypercube_maxsat(8, symm=3, solver='cd15')
Time = 0.45318900000029316
{(1, 1, 1, 1, 0, 0, 0, 0), (0, 0, 1, 1, 1, 0, 1, 0), (1, 0, 0, 1, 1, 0, 0, 1), (1, 0, 0, 0, 1, 1, 1, 0), (0, 0, 0, 0, 0, 0, 0, 0), (0, 1, 1, 0, 1, 1, 0, 0)}
>>> resolve_hypercube_maxsat(8, symm=2, solver='cd15')
Time = 0.5933339999992313
{(1, 0, 1, 0, 0, 1, 1, 0), (1, 1, 1, 1, 0, 0, 0, 0), (1, 1, 0, 0, 1, 1, 0, 0), (0, 0, 0, 0, 0, 0, 0, 0), (1, 0, 1, 0, 1, 0, 1, 0), (0, 1, 1, 0, 1, 1, 0, 0)}
>>> resolve_hypercube_maxsat(8, symm=1, solver='cd15')
Time = 1.6951790000002802
{(1, 1, 1, 0, 0, 0, 0, 0), (1, 0, 0, 1, 1, 1, 0, 0), (0, 0, 1, 1, 1, 0, 1, 0), (1, 1, 0, 1, 0, 0, 1, 0), (0, 0, 1, 1, 1, 0, 0, 1), (0, 0, 0, 0, 0, 0, 0, 0)}
>>> resolve_hypercube_maxsat(8, symm=0, solver='cd15')
Time = 9.19730699999991
{(1, 0, 0, 1, 0, 0, 1, 0), (0, 0, 0, 0, 0, 0, 0, 0), (1, 1, 0, 0, 0, 0, 0, 0), (1, 0, 1, 1, 0, 1, 0, 0), (0, 1, 1, 1, 0, 0, 0, 0), (1, 0, 1, 0, 1, 0, 1, 0)}
>>> resolve_hypercube_maxsat(9, symm=2, solver='cd15')
Time = 75.7497899999994
{(1, 1, 0, 0, 0, 0, 0, 0, 0), (1, 0, 1, 1, 0, 0, 0, 1, 0), (1, 0, 1, 0, 1, 0, 1, 0, 0), (0, 0, 0, 0, 0, 0, 0, 0, 0), (1, 0, 1, 1, 1, 0, 0, 0, 0), (1, 0, 1, 0, 0, 1, 1, 0, 0), (1, 0, 1, 1, 0, 0, 0, 0, 1)}
>>> resolve_hypercube_maxsat(9, symm=1, solver='cd15')
Time = 442.17912999999953
{(1, 1, 0, 0, 0, 0, 0, 0, 0), (1, 0, 1, 1, 0, 0, 0, 1, 0), (1, 0, 1, 0, 1, 0, 1, 0, 0), (0, 0, 0, 0, 0, 0, 0, 0, 0), (1, 0, 1, 1, 1, 0, 0, 0, 0), (1, 0, 1, 0, 0, 1, 1, 0, 0), (1, 0, 1, 1, 0, 0, 0, 0, 1)}
>>> resolve_hypercube_maxsat(9, symm=1, solver='Cadical103')
Time = 1109.4936479999997
{(1, 1, 0, 0, 0, 0, 0, 0, 0), (1, 0, 1, 0, 0, 1, 0, 1, 0), (1, 0, 1, 0, 1, 1, 0, 0, 0), (0, 0, 0, 0, 0, 0, 0, 0, 0), (1, 0, 1, 1, 1, 0, 0, 0, 0), (1, 0, 1, 1, 0, 0, 1, 0, 0), (1, 0, 1, 1, 0, 0, 0, 0, 1)}
>>> resolve_hypercube_maxsat(10, symm=4, solver='cd15')
Time = 601.1243190000005
{(1, 0, 0, 1, 0, 1, 1, 0, 0, 0), (1, 0, 0, 1, 1, 1, 0, 0, 0, 0), (0, 0, 0, 0, 0, 0, 0, 0, 0, 0), (0, 1, 0, 1, 1, 1, 0, 1, 0, 0), (1, 0, 0, 1, 0, 0, 1, 1, 0, 0), (1, 1, 1, 0, 0, 0, 0, 0, 0, 0), (0, 1, 0, 0, 1, 0, 1, 0, 1, 0)}
